1000
1 5 49253 2
6 3 90086 2
1 8 99108 3
6 0 3969 4
2 8 74058 1
6 4 27117 2
2 7 23044 4
6 1 79864 1
3 8 3068 2
8 0 91025 4
2 6 50565 1
6 4 89784 3
0 9 27406 4
7 4 42858 1
1 7 26309 3
7 3 22685 2
2 9 27903 3
7 4 87089 4
2 8 28608 1
5 2 74194 3
0 8 4160 2
9 0 74664 2
1 9 60503 2
6 4 52127 3
0 7 8546 2
9 0 31937 3
4 5 52334 2
5 0 91552 3
0 5 8839 1
8 2 96282 4
0 5 30398 1
8 0 85876 3
0 9 60002 2
5 0 12378 1
4 6 3765 3
5 3 80874 2
3 7 64743 2
5 0 50496 2
4 6 22913 2
9 4 49227 2
4 6 38216 3
5 1 29046 4
2 6 50254 4
9 1 71666 2
2 8 52578 3
6 0 62725 1
0 8 54519 1
7 2 65876 1
3 6 79305 3
9 2 7874 3
1 6 30480 2
8 0 37743 3
1 5 70332 4
6 1 155 3
1 9 60846 2
5 1 62478 2
4 5 8936 4
8 4 68125 4
1 9 44660 3
9 0 77371 4
0 9 6822 1
8 0 64388 4
3 8 95127 3
7 4 69963 1
3 8 14731 3
9 0 31597 2
3 7 74178 2
8 2 4624 1
2 7 30038 4
6 4 69943 2
4 8 12025 4
6 2 74673 3
4 7 71651 4
8 2 52817 4
2 8 80511 1
9 2 61876 1
0 8 49493 1
9 4 83795 4
0 9 69548 2
7 1 52359 1
1 5 51253 3
9 4 96254 2
0 5 67118 1
5 4 2583 1
4 9 50494 4
5 4 38439 3
2 9 58830 3
6 2 89870 2
3 6 82708 1
9 3 40354 1
1 9 33826 1
6 4 11528 3
1 5 58385 2
7 3 24648 4
0 6 6414 1
9 4 19968 4
4 6 38511 2
6 4 41157 4
2 9 58087 4
6 4 36837 3
4 8 28279 4
8 4 53194 1
3 9 59238 1
5 4 23523 3
1 6 62904 3
5 0 85030 2
4 8 25832 4
7 3 18342 3
2 6 96817 2
8 4 61940 1
2 5 88497 2
9 4 50614 2
4 6 10469 2
9 4 50027 1
3 7 89646 1
5 1 80164 4
0 6 95262 2
7 2 54281 1
0 8 60492 1
8 2 42993 4
1 8 83209 3
8 3 86775 3
4 7 36378 2
7 4 97202 3
3 5 12069 1
6 1 16521 1
0 8 99594 3
5 2 97944 3
4 9 19034 4
6 3 48961 2
3 6 95854 3
5 0 21119 3
4 6 40825 1
5 1 22768 1
4 5 45447 3
5 0 15693 2
2 9 84965 3
5 1 27237 3
4 9 87270 2
8 0 6336 1
2 6 28006 4
5 1 93723 4
4 6 95516 4
7 4 44119 3
2 8 73560 1
7 0 49330 4
4 6 65008 4
7 2 78445 2
4 5 76224 2
7 1 80803 3
1 9 11234 2
9 0 63913 2
1 9 62332 1
5 3 441 1
0 9 10398 2
8 3 86562 4
2 5 51018 3
9 2 73275 3
0 6 79441 3
7 0 43655 1
3 9 94114 3
7 0 86007 4
2 9 71779 1
7 0 23843 3
2 8 80927 4
9 4 4335 4
3 8 4971 4
7 1 172 1
1 7 99618 1
6 3 18248 1
0 8 46882 2
7 1 87970 1
3 5 41190 1
6 2 18347 1
3 9 48793 2
5 1 79319 3
4 6 9060 2
9 4 79261 1
3 6 75212 1
7 0 54106 2
1 9 90923 2
6 0 19970 3
1 6 89031 4
8 4 2161 1
4 7 39620 3
8 0 44630 4
3 9 42453 2
8 4 43899 2
0 9 79197 1
8 2 51138 2
3 5 23447 1
6 3 97527 4
3 9 77433 2
8 2 83029 2
0 9 81815 1
6 2 90706 1
4 5 51862 4
6 4 52579 3
1 7 73943 2
7 2 75523 2
2 8 29781 1
6 0 38537 3
3 7 20205 4
8 1 37819 3
1 8 57724 4
6 0 92366 1
2 9 70192 2
5 3 53624 1
0 5 16320 4
6 0 33018 2
3 8 12194 1
5 0 96517 1
1 5 96043 1
8 2 90220 3
4 7 23397 1
9 4 98145 4
1 9 74405 4
6 4 22181 4
4 5 60548 3
5 0 79588 4
4 8 93392 1
9 4 15933 4
4 6 71148 2
5 3 71261 4
0 9 77489 4
6 2 1940 1
4 8 35597 3
7 2 46225 4
4 8 92420 1
8 2 2543 2
4 7 53446 4
5 3 95134 2
0 5 66530 4
9 1 29577 3
3 8 59293 1
5 1 27423 4
0 8 15297 2
6 0 3193 3
4 5 94575 2
8 4 21731 4
3 5 72538 2
6 1 20638 4
1 5 31173 1
6 1 75943 2
1 5 84647 4
9 0 4166 2
2 7 50264 3
9 1 14153 2
0 7 45750 2
6 0 89788 2
3 9 10660 4
7 4 20402 4
1 7 48093 3
9 0 60091 2
2 6 23317 3
5 0 43305 2
3 5 58572 1
6 0 88676 3
1 6 89696 3
5 2 13372 4
4 7 37145 4
7 2 51123 4
0 9 76890 3
6 3 53867 3
2 7 54852 2
9 3 38643 2
3 8 26708 1
9 0 57759 3
2 9 95947 4
6 3 20554 1
0 8 7741 4
9 3 43732 1
0 6 61136 2
7 0 20676 1
2 7 77980 2
8 0 47536 4
2 8 92732 1
7 1 84054 1
1 6 88135 4
6 2 22712 1
1 6 90776 4
5 4 69190 4
3 9 61897 2
8 1 96361 2
4 9 45084 1
9 0 10493 3
3 8 20288 2
9 2 5940 4
0 8 13993 2
5 1 20245 4
3 5 52720 2
8 2 38830 3
4 7 2126 4
7 2 48497 2
0 9 54087 2
6 2 90986 1
3 8 69848 4
5 1 59728 2
0 6 33067 3
8 2 23499 3
2 8 42298 4
6 4 99245 3
0 7 29361 4
8 4 94996 4
4 8 11962 4
5 3 68947 3
3 7 25427 1
9 2 15444 2
1 8 77889 1
7 2 1683 1
3 9 12043 2
7 0 78541 4
1 8 4493 4
7 2 48882 2
4 5 90222 1
6 1 95644 1
0 9 69565 4
7 3 13867 2
2 9 1592 2
7 0 37522 2
1 8 50796 2
5 0 92523 4
1 6 68512 4
7 1 15179 2
4 9 87783 2
8 3 67823 3
4 8 15074 2
9 4 39840 2
0 8 75497 1
5 1 46606 3
2 7 65716 1
7 4 11762 4
0 7 70762 1
5 3 68119 4
4 7 64129 4
5 4 45310 4
2 5 23448 4
6 2 44211 4
1 5 25778 4
9 3 56292 3
1 8 69807 4
6 2 87285 3
4 9 36747 1
6 2 50171 4
2 5 40180 2
5 1 16812 4
0 5 64602 2
8 3 62563 2
3 8 97704 3
6 2 12315 2
3 9 70006 1
8 3 57354 3
3 5 77221 3
9 2 40130 1
1 9 81727 1
9 1 88821 4
2 9 66161 3
8 2 72682 4
1 8 56233 1
7 2 47712 3
1 6 36346 2
6 3 94961 1
0 5 83324 4
9 0 10968 3
1 8 69805 3
9 2 44365 3
4 8 71787 1
5 1 12695 3
3 8 94359 1
8 1 53897 2
4 6 48322 4
9 4 59579 4
3 6 65298 2
6 0 90934 2
2 8 62435 1
9 1 45781 3
2 6 49382 2
8 3 1976 3
1 7 13161 2
6 4 71668 2
4 8 38 3
6 1 18229 2
4 7 45804 1
7 0 60528 3
2 9 1155 1
8 0 40374 1
1 5 91247 4
9 1 52824 1
2 6 71567 2
5 0 28901 3
1 7 72144 1
8 3 75740 2
2 6 27982 1
9 2 35843 2
1 9 55906 3
7 0 99031 3
3 5 75717 4
9 4 14404 2
2 8 13380 1
7 0 87903 2
4 7 68619 3
8 4 67173 4
2 7 65735 4
7 0 95927 4
4 5 40675 4
8 0 53926 2
1 7 36153 3
9 0 56826 4
1 5 34789 1
7 4 87351 4
2 6 2497 1
8 2 14827 2
1 8 94401 1
9 0 95540 4
3 9 35393 4
5 3 89821 3
3 9 68159 3
7 1 21042 4
1 5 63241 2
7 3 36366 3
3 7 4869 1
9 4 73001 3
4 7 84244 1
5 4 54965 1
3 7 8551 1
7 4 85039 4
0 8 99389 2
7 3 82186 4
0 8 71569 3
7 2 4569 4
4 7 43856 1
6 1 93451 4
2 8 54581 3
6 0 29547 4
4 9 66078 3
7 0 55224 3
0 8 29461 2
9 0 98633 4
1 5 38675 3
5 3 95610 4
3 9 86458 1
6 0 55385 2
0 5 42377 2
7 4 75286 3
2 6 13801 1
8 4 78919 2
2 5 21939 3
7 1 92981 1
3 8 8917 1
5 0 6096 4
4 5 44431 1
9 4 13452 2
0 6 80018 4
7 0 7410 3
1 7 96220 1
9 0 60964 3
0 7 16158 2
8 3 61764 1
3 7 51115 1
9 1 36685 3
4 7 99628 3
8 4 83929 2
4 7 60825 1
9 1 25870 2
1 9 15637 4
5 4 99845 2
0 6 87140 1
9 1 75003 1
0 5 81184 4
8 0 78511 2
0 8 67917 4
5 3 22456 2
1 9 75700 1
9 2 6436 1
0 5 8201 2
9 4 83249 2
0 8 13536 2
9 0 41722 1
3 6 87366 4
9 2 3885 4
4 8 59131 3
6 2 31779 4
4 8 28049 2
6 0 84243 4
4 9 46507 4
5 2 17286 1
1 6 96766 1
8 0 57352 3
4 8 78162 1
6 0 49028 1
0 6 19915 1
8 0 42105 2
0 5 96239 3
6 4 39749 3
2 8 56015 1
9 2 47907 2
2 7 39889 3
6 2 73811 2
3 5 33623 2
6 1 31839 4
3 6 98088 2
5 2 2387 1
1 6 18350 1
5 0 19711 1
1 6 69291 2
8 2 87468 2
0 8 84456 2
6 2 85202 4
2 7 92726 4
9 4 41539 3
1 8 43705 1
6 4 38631 2
0 9 36889 1
8 4 53331 1
4 6 78961 1
5 3 97539 2
3 5 37811 2
8 0 86907 3
1 7 87422 4
9 4 45052 3
1 9 87467 2
8 0 80891 3
3 7 8421 3
5 1 84902 2
1 8 53836 1
6 4 51582 2
4 6 55294 3
9 3 8173 4
2 5 25582 1
5 4 55595 2
1 8 76839 4
6 3 69929 1
2 6 28405 2
9 1 68760 3
4 9 78071 3
7 4 51421 1
2 6 6212 1
8 2 36129 3
1 5 53407 3
9 3 89264 2
3 6 20493 2
8 3 9626 1
3 7 65227 4
8 2 85163 4
4 6 64534 4
7 4 8999 3
2 5 26076 4
6 3 13871 1
2 8 18551 2
5 2 55719 2
4 7 5012 4
9 0 34923 1
4 8 156 4
6 2 65552 3
3 8 78619 2
8 2 49972 3
4 8 22601 3
8 3 60136 2
1 5 69901 1
7 0 563 2
1 5 20162 3
8 4 2839 1
1 8 75342 1
5 1 2758 3
2 5 8014 3
7 1 50412 2
4 9 55424 2
6 3 11727 1
0 7 75764 1
6 0 11546 1
4 7 35772 3
9 0 24166 4
1 7 62782 2
7 3 61423 1
2 7 41405 4
9 4 95485 2
4 9 78356 4
5 3 79568 1
0 6 68646 2
7 0 76741 1
2 8 1437 1
7 0 62270 1
1 8 9087 4
5 3 80027 4
0 8 84790 2
8 0 91762 2
3 6 36480 3
8 2 68600 3
1 5 11102 1
5 4 11012 1
4 8 10817 2
5 1 69564 2
2 8 2886 4
7 2 25781 2
2 9 11674 4
7 3 75743 3
0 6 20008 2
5 4 78414 3
3 7 77073 4
9 1 56766 4
1 9 35072 4
6 1 75512 1
1 8 24397 1
7 0 2112 4
4 9 9909 3
9 3 50648 1
0 7 54278 2
6 1 33416 2
4 9 45481 2
5 4 82617 2
3 8 57300 4
9 4 35565 2
2 8 61042 2
8 1 88150 4
0 5 68173 3
5 0 33596 4
2 6 9508 2
6 0 77711 1
0 7 58926 1
9 2 26524 3
2 6 6516 2
8 4 55813 4
2 6 10302 3
9 0 45166 1
3 9 43213 2
8 3 50611 2
3 7 66586 4
8 1 61644 2
2 7 10429 1
7 2 6110 4
4 5 14712 1
6 0 60668 1
4 5 45664 2
6 2 85398 1
3 9 41332 2
7 1 31992 2
3 8 4872 4
7 0 45394 2
0 5 99874 4
9 1 18580 2
4 9 74095 4
8 1 45698 1
4 6 71675 4
9 1 81555 3
2 9 353 1
9 1 1552 2
4 6 17022 3
9 1 16394 2
3 8 31693 4
5 3 66477 4
1 5 66919 3
6 0 3396 3
2 6 40084 1
9 3 55237 3
0 6 8160 4
5 0 53627 3
2 8 86090 1
5 4 89232 2
2 8 32806 4
8 3 74527 1
1 7 18444 2
9 3 39095 1
3 5 11941 3
8 0 63949 4
4 7 92976 2
8 0 55028 4
4 5 3368 1
6 4 14169 3
1 7 92657 1
8 0 70095 3
4 7 92664 3
5 1 92166 2
0 8 49943 4
9 4 15447 2
4 5 16349 3
7 0 7989 1
2 9 36030 1
8 1 82010 2
0 8 19321 2
6 4 95916 4
2 8 90291 2
6 0 44718 2
0 6 84972 1
9 1 16420 3
0 8 68602 2
8 3 19893 3
2 9 85899 1
6 2 17089 2
2 8 55465 1
9 3 57868 1
1 7 12831 2
6 1 50261 2
0 7 28797 3
8 2 22610 4
0 6 78368 3
8 3 48033 2
3 7 26420 1
6 4 29021 4
4 9 19072 4
7 2 43019 3
4 8 77260 2
7 4 44084 4
2 5 34558 4
8 2 66160 1
4 7 16217 4
9 2 40028 2
2 7 39942 4
6 3 62372 4
0 8 90827 2
9 2 54519 3
1 8 94835 2
5 1 97710 2
0 9 22481 1
8 2 40667 2
0 5 74523 3
9 0 17550 4
3 5 58002 3
6 2 79912 3
0 5 61681 4
6 1 36987 2
0 8 50510 1
8 0 4033 4
1 8 49630 4
9 4 5045 3
1 5 54331 1
7 0 92882 4
1 5 359 1
6 3 38998 3
0 7 89405 2
9 4 61171 4
4 6 23280 2
6 4 84163 3
2 9 33953 1
7 3 84492 3
0 6 36350 1
8 3 3566 1
2 5 65410 3
8 0 99245 3
2 6 56632 2
5 2 84670 4
0 8 30812 4
8 2 24335 3
4 5 66380 1
7 0 95588 3
4 9 56485 3
9 0 46852 3
0 8 37533 2
7 0 44021 2
1 9 76457 1
7 1 89685 3
2 9 15736 4
6 0 12600 1
2 7 14868 3
6 4 80773 4
3 9 31421 1
7 2 74182 1
1 8 67279 3
9 1 56567 3
0 5 36687 2
9 4 25329 1
2 6 71556 1
8 4 66207 1
1 6 43909 4
8 1 96970 1
2 9 78501 3
9 2 64305 2
4 7 8780 1
5 0 80360 2
1 7 26487 2
9 2 32995 2
3 7 9116 1
7 2 14455 3
4 6 4376 1
5 1 8060 4
0 8 4924 2
9 1 26559 3
2 6 27070 2
7 1 21141 2
2 8 2758 1
8 2 9930 2
4 9 80892 1
5 0 34241 2
2 5 24135 1
6 0 82095 3
2 6 47980 4
6 2 82085 2
0 5 165 4
8 4 83164 1
0 8 72736 2
6 4 82255 4
1 7 6338 3
7 1 68098 3
4 6 2681 4
8 1 97802 4
3 9 48803 1
6 1 44210 4
4 5 90199 1
7 3 39558 4
3 6 6410 4
8 4 13892 2
3 5 69505 2
5 4 12374 4
2 7 84743 3
5 1 33916 2
4 8 61769 4
6 1 55352 2
4 6 11904 1
9 2 50464 4
0 5 65722 3
5 0 48653 3
3 5 20375 4
6 4 42896 4
3 5 86535 3
5 0 1973 2
3 5 5039 1
7 4 53867 2
0 8 49765 4
7 4 92277 4
2 5 97119 3
9 2 67546 4
0 8 64491 4
6 1 8954 2
3 8 15864 4
6 3 50844 3
4 7 96997 1
9 4 38845 3
0 6 25106 2
7 2 87276 4
2 5 13257 2
7 3 34657 2
2 9 64728 4
5 2 4269 3
2 6 11182 1
7 1 42140 1
3 7 58693 3
6 0 98005 4
0 8 39956 3
9 2 78247 2
1 9 22928 4
9 2 3450 3
3 7 98985 1
7 3 77312 4
0 7 19884 3
5 4 71854 1
0 8 33459 1
7 2 20963 2
1 8 53246 2
9 0 44767 4
3 5 75061 3
8 3 28607 3
2 9 70174 3
8 0 86687 3
4 6 32296 3
6 1 57582 4
3 8 38353 3
6 0 81739 1
3 8 43522 1
5 0 74002 4
4 9 47187 3
5 1 1280 1
2 5 51079 2
8 0 23140 3
4 8 65095 1
8 3 32119 2
1 8 57943 4
5 2 72701 3
1 9 51596 2
6 1 45227 4
4 8 76698 3
9 2 4545 2
0 6 6906 2
6 4 15368 1
1 9 54744 4
9 2 50336 1
1 8 22210 2
7 3 8186 2
2 7 18452 3
7 0 67955 4
3 9 9325 3
7 2 18086 1
1 9 8161 1
7 3 69499 4
0 9 30734 1
8 3 16639 2
3 6 62463 1
9 3 67275 4
1 7 83095 1
6 3 70709 3
4 7 68935 4
8 3 42300 1
4 6 34331 3
5 0 12397 1
3 6 36786 1
7 4 10851 1
4 7 60797 1
7 0 48297 2
4 9 28267 2
8 2 41361 1
3 5 71522 4
9 2 52609 3
4 7 39980 4
6 4 23535 2
1 9 49872 2
8 0 57547 4
4 5 1981 4
9 1 55506 3
2 7 7774 4
8 3 78257 2
1 7 12322 3
6 2 11342 1
0 5 99160 2
8 1 80791 3
3 5 95539 2
7 2 38791 3
1 9 34652 3
6 4 89181 2
4 7 187 1
5 2 18607 4
1 6 58488 4
5 2 69300 3
2 8 36749 1
6 4 25864 4
2 5 34461 4
8 2 49286 2
1 6 69872 1
6 3 16555 4
1 9 95521 3
6 0 33253 1
2 7 10066 3
8 0 83962 2
3 9 8192 1
8 3 38562 1
3 5 99725 3
9 3 17252 3
2 8 99905 4
9 1 28456 4
0 8 75696 4
8 4 4541 2
3 8 40231 3
5 4 23588 3
3 6 75154 2
6 3 78743 3
1 7 93600 1
8 0 21076 2
2 8 34093 3
8 3 27200 4
1 7 9264 1
7 4 42310 3
4 5 93289 4
6 4 35623 3
3 5 19074 2
5 0 36723 4
4 6 22976 1
6 3 28056 1
4 8 26602 3
8 0 92896 3
2 5 91962 4
9 1 73235 2
1 7 11230 4
8 3 26291 3
2 5 73541 1
7 3 23992 2
2 9 780 4
9 0 92527 3
3 5 11363 1
9 1 18127 1
0 5 15296 2
6 3 13071 1
1 5 55218 3
8 3 72135 2
1 6 95198 1
7 2 4759 3
1 8 54611 2
5 4 85334 2
1 5 26507 2
7 4 78381 2
4 6 43765 2
9 1 68887 1
4 8 44003 2
7 2 61447 2
4 5 23317 1
8 0 50522 1
4 9 77540 2
9 4 54756 4
4 6 21346 4
7 2 18011 3
1 8 88880 4
5 2 15349 3
1 7 23603 2
8 4 3398 4
0 5 81950 4
9 0 94869 2
2 7 56875 3
6 1 3649 1
4 7 50896 4
5 2 61293 4
4 8 88671 1
6 2 65302 4
1 9 7615 4
9 2 28961 2
2 9 99695 2
7 1 5324 3
2 6 64251 4
8 4 94373 1
1 6 81625 1
6 4 34907 1
3 8 5420 1
7 4 62501 3
1 8 17241 4
5 0 99465 3
4 8 50308 3
9 2 56035 4
0 5 70161 3
8 4 74877 3
4 8 74082 3
5 0 26975 4
1 8 4629 2
6 4 40557 4
0 6 88585 2
7 2 27052 3
3 5 64016 4
6 1 31126 1
0 7 68033 4
8 1 13850 4
0 6 17296 3
5 0 13250 2
2 5 76842 2
7 1 79874 1
2 9 4005 2
9 3 36957 2
0 9 90316 1
6 3 44032 4
4 7 30720 1
7 1 84708 3
4 9 3926 1
9 1 42313 1
0 5 64280 4
9 2 28458 2
1 5 63434 4
5 4 11260 3
0 5 29014 1
7 4 33280 4
1 9 49814 4
7 4 82109 4
3 8 54178 1
9 1 12271 4
1 5 64471 2
6 2 15829 2
1 8 4523 3
7 3 4384 4
1 8 78858 1
8 3 55531 3
2 6 9921 1
7 0 5063 4
0 7 37278 2
7 0 19088 3
1 6 99998 2
6 3 68181 2
4 5 15118 3
6 0 69383 3
3 7 68355 1
8 2 31974 3
3 8 762 3
5 3 85237 3
3 8 35698 2
9 3 98091 3
3 9 57490 2
8 3 12827 1
4 8 11266 4
6 2 20038 1
1 5 82031 4
6 4 99646 1
3 6 51126 1
7 4 45782 1
2 5 8633 1
6 0 67892 3
4 5 68916 4
8 0 47739 1
3 5 47639 1
6 2 46470 2
3 7 49881 1
9 3 11414 2
0 9 17878 2
8 2 89511 3
2 8 80908 2
7 4 53219 3
0 7 21482 3
9 0 42728 4
3 5 40593 4
8 2 98760 3
1 5 59410 3
9 3 48756 3
0 7 83751 1
7 1 90798 4
1 6 34360 2
5 4 88471 1
1 7 78512 3
8 1 30574 4
2 8 62994 3
8 2 63643 1
0 5 60039 3
8 4 83057 4
0 6 85001 4
6 1 76677 2
2 5 50586 4
6 2 84065 2
3 6 53146 3
8 2 82726 3
0 6 93027 3
8 4 2454 1
0 7 42645 4
8 3 1650 4
3 8 29628 4
7 1 5786 3
4 5 85377 1
6 3 7528 4
3 9 30088 2
8 1 89613 1
3 5 24292 1
8 4 51873 2
4 8 23028 2
5 4 98003 2
4 7 57579 3
6 4 72065 4
4 9 47277 1
5 2 42147 3
0 5 67483 4
7 0 78420 4
0 8 76132 4
5 3 17584 1
4 8 17145 3
8 3 30423 3
4 7 25200 2
8 0 96445 1
3 7 30244 3
8 2 81510 3
4 9 46392 2
8 3 80143 1
3 5 94874 3
5 0 37801 4
2 6 71988 2
9 3 30100 4
3 6 5625 2
6 0 87831 3
0 6 50208 4
7 3 29973 2
3 7 39089 1
9 4 77572 3
3 5 73056 2
5 1 94820 3
2 8 23077 4
6 2 62134 3
1 9 26160 3
7 2 38772 1
1 8 55343 2
6 0 82427 2
3 9 83053 1
7 3 38401 1
4 7 20997 3
6 1 42270 4
3 6 39746 4
9 4 47688 2
3 8 23121 3
9 3 5385 4
1 5 96453 4
8 3 43656 3
1 8 53849 1
8 3 41352 1
2 6 86744 2
8 3 88023 2
0 7 98902 2
9 4 86633 2
1 7 30528 3
6 3 26611 3
1 9 21126 3
9 0 73141 1
0 7 15051 1
7 4 25423 2
4 6 18753 1
7 2 8695 4
3 6 67008 3
8 4 27617 1
1 9 17522 2
5 2 82032 4
3 9 30141 1
5 1 87167 1
1 7 27362 3
7 0 11223 1
4 7 44932 1
7 4 74552 1
4 8 76421 1
8 1 96422 2
3 8 81514 1
6 1 83937 4
4 7 83803 1
7 1 11442 1
3 9 15815 1
7 0 36977 4
1 5 35635 1
6 3 97715 2
0 7 27266 1
5 0 36767 2
1 5 90727 4
8 4 54261 4
2 9 92021 2
6 2 95456 1
0 6 75138 4
7 4 2577 2
0 8 85259 4
9 4 5891 4
3 6 58751 4
9 2 50047 1
1 9 10087 1
8 4 33168 2
3 5 73407 1
6 4 98329 2
0 5 65717 1
7 4 49582 3
1 5 28712 1
8 1 50102 1
4 5 35650 3
8 3 83987 4
2 9 71118 4
7 1 34206 3
1 9 88855 4
8 4 52402 2
1 8 64177 3
7 1 50707 2
3 9 53411 3
9 0 47754 1
2 5 52999 2
6 1 48929 2
4 5 21892 3
6 3 17498 1
3 9 33273 1
9 0 41763 2
4 7 16145 4
7 1 73734 2
3 5 4639 4
7 2 29645 3
3 9 48425 1
6 1 22575 3
2 9 8814 3
6 1 20119 4
4 9 26104 3
8 1 79422 4
1 9 79408 1
9 0 94051 3
2 6 10107 3
6 0 93326 4
0 9 24806 1
6 2 51866 2
3 5 3368 1
6 4 44463 4
1 7 76538 1
6 3 96923 3
4 6 36914 1
8 1 7203 2
2 8 13691 4
9 3 38735 1
4 7 83349 3
8 2 59232 2
0 7 81779 2
5 0 23529 3
0 6 39293 4
8 2 24322 3
3 6 98275 1
6 2 24446 4
4 9 20494 2
8 1 73698 2
1 5 64508 1
8 3 33571 2
3 6 13060 2
6 1 20585 2
2 9 17771 3
8 2 39243 1
4 7 98778 1
6 4 60289 4
1 9 44729 4
7 2 55387 4
1 6 31550 3
5 2 21679 2
3 7 43721 3
9 2 9495 3
2 5 41330 1
5 2 99849 1
4 5 90437 1
5 0 48513 3
3 8 91229 3
9 3 88562 1
4 9 19635 4
8 1 48926 4
3 5 26183 2
5 2 69400 3
0 8 6488 1
7 1 34185 1
1 9 19814 3
5 1 80252 1
0 9 71861 4
9 2 45185 3
4 5 11895 2
7 3 31589 3
0 7 39381 2
9 4 30165 1
1 6 92009 1
6 2 77228 3
3 9 71703 3
5 2 35357 1
4 5 9903 2
6 1 74829 2
4 8 37506 2
7 2 23854 3
1 7 92725 1
8 3 64530 3
0 9 2789 3
5 0 22703 3
2 6 12603 3
5 3 7692 4
4 7 12251 3
9 2 67150 1
1 6 19788 4
5 0 26629 2
1 6 988 4
6 0 63952 2
4 8 98765 3
9 1 98670 2
3 8 47909 3
5 4 47765 4
1 5 42707 3
7 2 92524 1
3 7 42103 3
5 3 91259 3
4 7 6468 4
9 1 66427 3
1 7 38155 4
8 0 5142 1
3 5 10351 4
6 1 75525 3
0 5 92272 4
6 1 17258 3
0 7 76137 1
6 2 8603 4
4 8 23644 1
9 3 92735 4
2 7 4621 2
6 2 24936 2
2 9 1557 2
9 1 38333 1
2 9 46837 4
8 1 82778 2
3 8 69562 4
8 0 71151 1
0 8 89723 1
7 2 51945 3
4 5 84849 1
7 3 22190 2
0 6 49197 2
8 3 79632 4
2 8 81093 1
5 2 46575 1
1 7 8402 1
8 2 18140 2
3 7 78017 3
9 4 25864 1
2 8 74864 2
8 1 95592 3
1 5 69216 3
6 0 75778 1
4 5 26693 4
8 1 75246 4
1 5 68674 2
7 3 99036 2
3 8 89277 2
7 0 90686 4
1 9 63034 4
5 2 83427 2
1 5 13980 1
9 2 56304 3
4 8 32867 4
8 3 61753 1
3 8 62843 1
5 0 55815 3
4 8 53507 2
6 1 31042 2
0 7 13695 1
9 0 74318 1
4 5 81142 4
7 3 81183 3
1 5 74274 4
7 2 95090 1
3 5 65647 4
6 4 86533 3
4 9 56379 4
8 0 82138 4
0 9 77732 3
9 0 93401 1
4 5 8568 3
8 1 64730 3
0 9 5594 1
9 4 53034 2
1 5 67517 3
5 4 11416 3
2 6 69794 4
8 1 53466 1
1 9 89327 3
5 1 40595 3
4 9 56076 3
7 1 34590 2
2 9 46647 2
6 0 39068 1
1 5 62740 2
7 4 79129 2
3 9 56979 2
5 4 94142 2
2 6 72967 3
9 0 87526 3
3 8 67145 1
7 3 10357 3
4 5 26210 1
9 4 15011 2
2 6 79182 2
7 3 15968 2
3 8 5836 1
6 2 47913 1
2 6 15918 1
8 3 813 3
2 5 44477 1
5 3 9264 2
2 5 10413 2
9 3 39400 4
4 5 46092 3
8 4 12183 1
2 6 16785 4
8 2 43434 1
2 8 65502 4
5 4 36363 4
2 8 75298 3
8 2 89977 1
4 8 33702 1
9 2 12623 4
4 8 22298 3
5 2 13849 3
1 8 27492 4
9 2 79306 3
0 5 19524 4
9 4 6217 1
0 7 67556 1
5 4 69204 2
0 6 50320 2
7 0 52411 1
1 8 58817 1
5 4 3679 4
2 7 51737 3
9 3 56911 2
0 8 36907 2
7 1 15221 3
0 7 26929 1
9 0 68003 4
3 8 28799 3
7 4 60123 2
1 8 10865 3
6 0 83975 1
4 6 58214 1
7 3 72653 3
4 8 69125 4
9 2 64682 1
3 8 35241 1
8 1 47754 4
3 9 23542 4
7 3 85239 2
2 6 53580 1
7 3 41960 1
4 6 47319 2
5 0 57339 3
1 6 66019 4
9 2 64484 1
0 8 41099 4
9 3 40250 4
4 9 61117 2
5 4 45549 1
1 7 23905 3
7 3 2069 2
2 9 60262 3
6 0 33107 1
0 5 78907 3
7 1 75614 4
1 5 17636 4
5 3 85002 2
2 8 28006 2
9 0 21259 2
3 6 45963 1
6 4 15638 2
4 8 6987 2
8 2 54049 2
1 6 319 2
7 3 82734 3
3 8 26764 2
8 2 63887 2
2 8 23984 1
7 1 83099 1
1 7 68201 4
5 1 57347 3
2 7 53131 3
5 4 34444 1
4 5 90449 4
8 1 12693 2
2 9 4895 3
9 0 38599 2
2 5 83926 1
5 2 56828 2
0 8 89646 2
7 0 164 2
1 8 35593 4
7 4 85744 2
0 6 1256 1
8 0 1085 2
2 7 11704 3
6 3 76968 1
0 5 26122 2
5 3 54203 1
1 5 40075 1
6 2 22702 1
1 7 23419 4
8 2 11506 1
0 7 86376 3
9 2 52641 2
0 9 2204 1
6 3 8565 3
1 6 84359 2
7 2 1403 3
3 5 24801 2
7 1 58869 3
3 8 13788 4
6 2 39383 1
2 5 29250 4
5 4 94949 3
3 8 8651 1
9 4 75097 1
3 6 6725 2
8 0 81700 3
1 8 81164 3
6 3 70520 2
4 9 93939 4
5 0 83060 2
4 8 88190 3
8 0 21234 4
2 7 79234 3
7 2 41983 1
3 9 6018 3
9 4 34697 2
4 8 49323 4
9 4 41728 2
3 6 62609 2
6 3 26943 1
2 9 69861 3
9 0 93856 3
4 5 26101 4
5 3 68080 2
1 5 7686 3
9 1 17782 3
3 9 44972 2
6 1 28754 1
3 6 67374 3
9 0 17528 1
3 7 91300 2
6 4 95796 4
1 9 5222 4
7 3 13368 1
1 9 27546 2
5 0 39007 2
1 9 23587 3
7 2 18233 3
0 8 48351 2
6 0 38555 1
3 7 27529 3
7 0 80040 1
2 7 73923 4
5 1 61920 3
1 8 70112 1
6 3 10800 3
0 6 33239 2
9 2 98359 4
1 6 49842 2
6 4 39439 2
3 5 13961 3
9 4 61448 2
2 8 50991 4
8 4 76452 4
0 7 20082 3
5 0 64790 3
1 9 90267 4
6 2 14958 4
4 6 43031 4
8 3 44495 3
0 5 76064 1
8 2 53015 2
4 5 53975 2
9 4 95246 4
3 7 96384 3
5 3 32725 1
2 5 3426 3
7 1 22803 4
0 6 57358 3
8 0 17259 4
2 5 78864 3
6 4 25616 1
3 8 73853 2
8 1 19937 2
2 7 68458 1
9 4 38949 1
0 7 72242 1
8 0 39209 4
4 9 33321 2
8 0 20788 4
2 8 87190 3
9 1 99993 3
3 8 61010 4
6 4 37679 1
3 5 46800 2
6 0 6597 2
4 6 64828 3
5 2 25208 2
4 6 25356 4
7 2 8811 3
3 9 49462 1
8 2 72668 1
0 6 34521 1
9 3 10828 4
0 5 91866 3
8 2 43000 2
3 8 19682 4
8 0 18416 2
1 7 48123 3
7 1 27089 1
2 7 75214 4
9 0 82321 2
3 9 67365 1
8 0 17345 4
1 6 48045 2
9 1 65770 2
3 9 31770 1
7 4 47798 2
0 6 51827 3
7 0 97342 3
1 9 64720 4
6 1 97497 2
2 5 73368 2
8 2 74506 4
1 6 62340 3
9 1 30494 1
1 5 8812 2
8 3 57313 4
3 9 35787 1
5 4 3494 3
3 7 53824 3
7 0 77171 2
0 8 62683 4
6 0 25412 1
4 6 13399 4
5 2 3596 1
3 5 60020 2
9 4 60372 4
2 7 23961 4
5 2 93821 4
4 6 58920 3
6 3 5878 1
1 5 92008 4
7 2 81374 1
0 9 94212 1
8 3 15185 4
0 5 15264 4
8 2 29232 4
1 6 38414 4
8 0 34592 2
3 7 71007 1
6 1 68373 1
1 8 18022 2
9 4 78446 1
2 7 82982 3
9 1 79655 4
2 5 77969 2
5 3 67756 3
3 9 91534 1
6 4 43069 3
1 6 14046 2
5 0 23181 1
3 5 44084 2
9 0 61825 3
1 9 41990 3
7 1 67153 2
4 9 13750 1
9 2 76805 1
4 9 39167 1
5 3 41567 4
0 9 21010 1
9 4 10013 4
3 5 88913 4
5 3 73817 3
2 5 77734 1
6 4 73985 2
3 8 33539 2
7 1 80457 4
1 9 49339 3
5 0 94899 2
2 7 74859 2
9 4 23162 1
1 5 81698 1
8 0 76767 4
4 6 37855 1
8 0 77967 2
3 5 28864 2
6 3 1327 4
1 5 46242 2
7 0 40193 2
0 8 57382 1
5 0 6321 2
2 9 63701 2
7 4 97749 2
1 6 52685 3
7 2 5800 1
0 6 17534 2
7 1 320 1
1 5 5